method,model,average_score
Rag (fully),deepseek,4.75
Rag (fully),llama,3.75
Rag (fully),mistral,4.375
Rag (fully),qwen,3.0
Rag (only example),deepseek,4.875
Rag (only example),llama,4.0
Rag (only example),mistral,4.25
Rag (only example),qwen,4.75
Rag (only rules),deepseek,4.75
Rag (only rules),llama,4.75
Rag (only rules),mistral,2.75
Rag (only rules),qwen,4.5
Rag (only theory),llama,4.5
Rag (only theory),qwen,5.0
